28
0 2370 8401 3896 1336 3626 7350 8286 3791 2969 3755 3099 3448 8510 2897 5727 4687 6873 5302 8694 1672 3247 7974 3917 1367 3859 2350 5125
2370 0 6711 2206 2910 5200 5660 6596 5365 1279 2065 4673 1758 6820 4471 4037 2997 5183 3612 7004 2242 4821 6284 2227 1405 2169 3924 3435
8401 6711 0 6053 8941 11231 1929 819 11396 6962 6364 10704 5469 1449 10502 3066 4720 3006 4183 703 8273 10852 1501 6290 7436 5246 9955 3734
3896 2206 6053 0 4436 6726 5002 5938 6891 2457 1859 6199 1100 6162 5997 3379 2339 4525 2954 6346 3768 6347 5626 1785 2931 1511 5450 2777
1336 2910 8941 4436 0 3832 7890 8826 3997 3509 4295 3305 3988 9050 3103 6267 5227 7413 5842 9234 2212 3453 8514 4457 1907 4399 2556 5665
3626 5200 11231 6726 3832 0 10180 11116 1261 5799 6585 1461 6278 11340 2411 8557 7517 9703 8132 11524 4502 1819 10804 6747 4197 6689 3004 7955
7350 5660 1929 5002 7890 10180 0 1814 10345 5911 5313 9653 4418 2038 9451 2015 3669 1955 3132 2222 7222 9801 1502 5239 6385 4195 8904 2683
8286 6596 819 5938 8826 11116 1814 0 11281 6847 6249 10589 5354 1334 10387 2951 4605 2891 4068 1112 8158 10737 1386 6175 7321 5131 9840 3619
3791 5365 11396 6891 3997 1261 10345 11281 0 5964 6750 1626 6443 11505 2576 8722 7682 9868 8297 11689 4667 1984 10969 6912 4362 6854 3169 8120
2969 1279 6962 2457 3509 5799 5911 6847 5964 0 2316 5272 2009 7071 5070 4288 3248 5434 3863 7255 2841 5420 6535 2478 2004 2420 4523 3686
3755 2065 6364 1859 4295 6585 5313 6249 6750 2316 0 6058 1411 6473 5856 3690 2650 4836 3265 6657 3627 6206 5937 1880 2790 1822 5309 3088
3099 4673 10704 6199 3305 1461 9653 10589 1626 5272 6058 0 5751 10813 1884 8030 6990 9176 7605 10997 3975 1292 10277 6220 3670 6162 2477 7428
3448 1758 5469 1100 3988 6278 4418 5354 6443 2009 1411 5751 0 5578 5549 2795 1755 3941 2370 5762 3320 5899 5042 1337 2483 927 5002 2193
8510 6820 1449 6162 9050 11340 2038 1334 11505 7071 6473 10813 5578 0 10611 3175 4829 3115 4292 1742 8382 10961 1610 6399 7545 5355 10064 3843
2897 4471 10502 5997 3103 2411 9451 10387 2576 5070 5856 1884 5549 10611 0 7828 6788 8974 7403 10795 3773 2032 10075 6018 3468 5960 2275 7226
5727 4037 3066 3379 6267 8557 2015 2951 8722 4288 3690 8030 2795 3175 7828 0 2046 1538 1509 3359 5599 8178 2639 3616 4762 2572 7281 1060
4687 2997 4720 2339 5227 7517 3669 4605 7682 3248 2650 6990 1755 4829 6788 2046 0 3192 1621 5013 4559 7138 4293 2576 3722 1532 6241 1444
6873 5183 3006 4525 7413 9703 1955 2891 9868 5434 4836 9176 3941 3115 8974 1538 3192 0 2655 3299 6745 9324 2579 4762 5908 3718 8427 2206
5302 3612 4183 2954 5842 8132 3132 4068 8297 3863 3265 7605 2370 4292 7403 1509 1621 2655 0 4476 5174 7753 3756 3191 4337 2147 6856 907
8694 7004 703 6346 9234 11524 2222 1112 11689 7255 6657 10997 5762 1742 10795 3359 5013 3299 4476 0 8566 11145 1794 6583 7729 5539 10248 4027
1672 2242 8273 3768 2212 4502 7222 8158 4667 2841 3627 3975 3320 8382 3773 5599 4559 6745 5174 8566 0 4123 7846 3789 1239 3731 3226 4997
3247 4821 10852 6347 3453 1819 9801 10737 1984 5420 6206 1292 5899 10961 2032 8178 7138 9324 7753 11145 4123 0 10425 6368 3818 6310 2625 7576
7974 6284 1501 5626 8514 10804 1502 1386 10969 6535 5937 10277 5042 1610 10075 2639 4293 2579 3756 1794 7846 10425 0 5863 7009 4819 9528 3307
3917 2227 6290 1785 4457 6747 5239 6175 6912 2478 1880 6220 1337 6399 6018 3616 2576 4762 3191 6583 3789 6368 5863 0 2952 1748 5471 3014
1367 1405 7436 2931 1907 4197 6385 7321 4362 2004 2790 3670 2483 7545 3468 4762 3722 5908 4337 7729 1239 3818 7009 2952 0 2894 2921 4160
3859 2169 5246 1511 4399 6689 4195 5131 6854 2420 1822 6162 927 5355 5960 2572 1532 3718 2147 5539 3731 6310 4819 1748 2894 0 5413 1970
2350 3924 9955 5450 2556 3004 8904 9840 3169 4523 5309 2477 5002 10064 2275 7281 6241 8427 6856 10248 3226 2625 9528 5471 2921 5413 0 6679
5125 3435 3734 2777 5665 7955 2683 3619 8120 3686 3088 7428 2193 3843 7226 1060 1444 2206 907 4027 4997 7576 3307 3014 4160 1970 6679 0