29
7
0 11642 1910 9600 10478 8076 9645 5277 4366 4385 1940 3311 2707 8671 4961 2450 8929 6211 589 1687 1960 4330 2917 4711 7819 8781 2400 11707 8264
11642 0 10780 2896 2192 5120 3341 6849 7692 15175 12730 14101 10131 4765 15751 13240 3065 6043 11379 11357 11244 8658 9201 15501 5659 3841 13190 1793 4966
1910 10780 0 8738 9616 7214 8783 4415 3504 5443 2998 4369 1845 7809 6019 3508 8067 5349 1647 1625 1512 3468 2055 5769 6957 7919 3458 10845 7402
9600 2896 8738 0 1732 3078 1299 4807 5650 13133 10688 12059 8089 2723 13709 11198 1023 4001 9337 9315 9202 6616 7159 13459 3617 1799 11148 2961 2924
10478 2192 9616 1732 0 3956 2177 5685 6528 14011 11566 12937 8967 3601 14587 12076 1901 4879 10215 10193 10080 7494 8037 14337 4495 2677 12026 2257 3802
8076 5120 7214 3078 3956 0 3123 3283 4126 11609 9164 10535 6565 2149 12185 9674 2407 2477 7813 7791 7678 5092 5635 11935 2093 2259 9624 5185 1742
9645 3341 8783 1299 2177 3123 0 4852 5695 13178 10733 12104 8134 2768 13754 11243 1068 4046 9382 9360 9247 6661 7204 13504 3662 1844 11193 3406 2969
5277 6849 4415 4807 5685 3283 4852 0 1327 8810 6365 7736 3766 3878 9386 6875 4136 1418 5014 4992 4879 2293 2836 9136 3026 3988 6825 6914 3471
4366 7692 3504 5650 6528 4126 5695 1327 0 7899 5454 6825 2855 4721 8475 5964 4979 2261 4103 4081 3968 1382 1925 8225 3869 4831 5914 7757 4314
4385 15175 5443 13133 14011 11609 13178 8810 7899 0 4265 1668 6240 12204 1712 2929 12462 9744 3990 5220 5493 7863 6450 1462 11352 12314 2731 15240 11797
1940 12730 2998 10688 11566 9164 10733 6365 5454 4265 0 3191 3795 9759 4841 2330 10017 7299 1545 2775 3048 5418 4005 4591 8907 9869 2280 12795 9352
3311 14101 4369 12059 12937 10535 12104 7736 6825 1668 3191 0 5166 11130 2244 1855 11388 8670 2916 4146 4419 6789 5376 1994 10278 11240 1657 14166 10723
2707 10131 1845 8089 8967 6565 8134 3766 2855 6240 3795 5166 0 7160 6816 4305 7418 4700 2444 2422 2309 2819 1406 6566 6308 7270 4255 10196 6753
8671 4765 7809 2723 3601 2149 2768 3878 4721 12204 9759 11130 7160 0 12780 10269 2052 3072 8408 8386 8273 5687 6230 12530 2688 1904 10219 4830 1995
4961 15751 6019 13709 14587 12185 13754 9386 8475 1712 4841 2244 6816 12780 0 3505 13038 10320 4566 5796 6069 8439 7026 1708 11928 12890 3307 15816 12373
2450 13240 3508 11198 12076 9674 11243 6875 5964 2929 2330 1855 4305 10269 3505 0 10527 7809 2055 3285 3558 5928 4515 3255 9417 10379 944 13305 9862
8929 3065 8067 1023 1901 2407 1068 4136 4979 12462 10017 11388 7418 2052 13038 10527 0 3330 8666 8644 8531 5945 6488 12788 2946 1128 10477 3130 2253
6211 6043 5349 4001 4879 2477 4046 1418 2261 9744 7299 8670 4700 3072 10320 7809 3330 0 5948 5926 5813 3227 3770 10070 2220 3182 7759 6108 2665
589 11379 1647 9337 10215 7813 9382 5014 4103 3990 1545 2916 2444 8408 4566 2055 8666 5948 0 1424 1697 4067 2654 4316 7556 8518 2005 11444 8001
1687 11357 1625 9315 10193 7791 9360 4992 4081 5220 2775 4146 2422 8386 5796 3285 8644 5926 1424 0 1675 4045 2632 5546 7534 8496 3235 11422 7979
1960 11244 1512 9202 10080 7678 9247 4879 3968 5493 3048 4419 2309 8273 6069 3558 8531 5813 1697 1675 0 3932 2519 5819 7421 8383 3508 11309 7866
4330 8658 3468 6616 7494 5092 6661 2293 1382 7863 5418 6789 2819 5687 8439 5928 5945 3227 4067 4045 3932 0 1889 8189 4835 5797 5878 8723 5280
2917 9201 2055 7159 8037 5635 7204 2836 1925 6450 4005 5376 1406 6230 7026 4515 6488 3770 2654 2632 2519 1889 0 6776 5378 6340 4465 9266 5823
4711 15501 5769 13459 14337 11935 13504 9136 8225 1462 4591 1994 6566 12530 1708 3255 12788 10070 4316 5546 5819 8189 6776 0 11678 12640 3057 15566 12123
7819 5659 6957 3617 4495 2093 3662 3026 3869 11352 8907 10278 6308 2688 11928 9417 2946 2220 7556 7534 7421 4835 5378 11678 0 2798 9367 5724 2281
8781 3841 7919 1799 2677 2259 1844 3988 4831 12314 9869 11240 7270 1904 12890 10379 1128 3182 8518 8496 8383 5797 6340 12640 2798 0 10329 3906 2105
2400 13190 3458 11148 12026 9624 11193 6825 5914 2731 2280 1657 4255 10219 3307 944 10477 7759 2005 3235 3508 5878 4465 3057 9367 10329 0 13255 9812
11707 1793 10845 2961 2257 5185 3406 6914 7757 15240 12795 14166 10196 4830 15816 13305 3130 6108 11444 11422 11309 8723 9266 15566 5724 3906 13255 0 5031
8264 4966 7402 2924 3802 1742 2969 3471 4314 11797 9352 10723 6753 1995 12373 9862 2253 2665 8001 7979 7866 5280 5823 12123 2281 2105 9812 5031 0
