20
0.00 1.23 1.33 0.33 0.53 0.99 0.95 0.62 1.19 0.67 1.17 0.91 1.00 1.22 1.20 0.73 1.28 1.20 0.58 0.61
1.23 0.00 0.78 1.13 0.90 1.02 1.28 1.20 0.40 1.05 1.11 1.26 0.93 1.28 1.17 0.60 0.60 0.95 1.49 1.14
1.33 0.78 0.00 0.74 0.90 0.99 0.93 0.86 1.35 1.66 1.03 1.04 0.65 0.58 0.55 0.68 0.96 0.57 1.39 0.99
0.33 1.13 0.74 0.00 0.68 0.88 1.25 0.44 1.45 1.03 1.16 1.13 0.86 0.82 0.78 0.67 1.00 0.63 0.96 0.74
0.53 0.90 0.90 0.68 0.00 1.67 0.54 0.83 0.79 1.37 1.20 0.50 1.21 1.14 1.47 0.54 1.24 0.93 1.11 0.86
0.99 1.02 0.99 0.88 1.67 0.00 1.12 1.07 1.26 0.45 0.71 1.61 1.04 0.62 0.30 0.99 0.96 1.06 0.98 1.33
0.95 1.28 0.93 1.25 0.54 1.12 0.00 1.12 0.90 1.14 0.71 0.66 1.49 0.76 0.98 0.71 1.51 1.19 1.06 1.33
0.62 1.20 0.86 0.44 0.83 1.07 1.12 0.00 1.04 1.08 0.74 1.28 0.74 1.20 0.83 0.57 0.67 0.74 0.81 0.57
1.19 0.40 1.35 1.45 0.79 1.26 0.90 1.04 0.00 0.78 0.91 1.01 1.42 1.42 1.37 0.74 0.68 1.21 1.19 1.19
0.67 1.05 1.66 1.03 1.37 0.45 1.14 1.08 0.78 0.00 1.13 1.12 1.39 1.15 0.89 1.16 1.17 1.65 0.53 0.98
1.17 1.11 1.03 1.16 1.20 0.71 0.71 0.74 0.91 1.13 0.00 1.72 1.12 1.07 0.92 0.55 0.78 0.63 1.47 1.59
0.91 1.26 1.04 1.13 0.50 1.61 0.66 1.28 1.01 1.12 1.72 0.00 1.18 0.85 1.23 1.42 1.46 1.36 0.56 0.62
1.00 0.93 0.65 0.86 1.21 1.04 1.49 0.74 1.42 1.39 1.12 1.18 0.00 1.15 0.88 1.14 0.58 0.78 0.77 0.40
1.22 1.28 0.58 0.82 1.14 0.62 0.76 1.20 1.42 1.15 1.07 0.85 1.15 0.00 0.24 1.30 1.01 0.61 1.07 1.34
1.20 1.17 0.55 0.78 1.47 0.30 0.98 0.83 1.37 0.89 0.92 1.23 0.88 0.24 0.00 1.13 0.81 0.79 0.87 1.09
0.73 0.60 0.68 0.67 0.54 0.99 0.71 0.57 0.74 1.16 0.55 1.42 1.14 1.30 1.13 0.00 1.04 0.87 1.51 1.20
1.28 0.60 0.96 1.00 1.24 0.96 1.51 0.67 0.68 1.17 0.78 1.46 0.58 1.01 0.81 1.04 0.00 0.43 1.16 0.98
1.20 0.95 0.57 0.63 0.93 1.06 1.19 0.74 1.21 1.65 0.63 1.36 0.78 0.61 0.79 0.87 0.43 0.00 1.58 1.33
0.58 1.49 1.39 0.96 1.11 0.98 1.06 0.81 1.19 0.53 1.47 0.56 0.77 1.07 0.87 1.51 1.16 1.58 0.00 0.25
0.61 1.14 0.99 0.74 0.86 1.33 1.33 0.57 1.19 0.98 1.59 0.62 0.40 1.34 1.09 1.20 0.98 1.33 0.25 0.00